CyberShake 8 0.7 73.00000 0.25862 
0 1 2 4 3 5 6 7 ;1 1 2 1 1 2 0 2 
CyberShake 8 0.7 73.00000 0.25652 
0 1 2 4 3 5 6 7 ;1 1 2 1 1 2 0 2 
CyberShake 8 0.7 73.00000 0.25795 
0 1 2 4 3 5 6 7 ;1 1 2 1 1 2 0 2 
CyberShake 8 0.7 73.00000 0.25507 
0 1 2 4 3 5 6 7 ;1 1 2 1 1 2 0 2 
CyberShake 8 0.7 73.00000 0.25644 
0 1 2 4 3 5 6 7 ;1 1 2 1 1 2 0 2 
CyberShake 8 0.7 73.00000 0.26022 
0 1 2 4 3 5 6 7 ;1 1 2 1 1 2 0 2 
CyberShake 8 0.7 73.00000 0.25840 
0 1 2 4 3 5 6 7 ;1 1 2 1 1 2 0 2 
CyberShake 8 0.7 73.00000 0.25984 
0 1 2 4 3 5 6 7 ;1 1 2 1 1 2 0 2 
CyberShake 8 0.7 73.00000 0.25732 
0 1 2 4 3 5 6 7 ;1 1 2 1 1 2 0 2 
CyberShake 8 0.7 73.00000 0.26008 
0 1 2 4 3 5 6 7 ;1 1 2 1 1 2 0 2 
CyberShake 8 0.7 73.00000 0.25438 
0 1 2 4 3 5 6 7 ;1 1 2 1 1 2 0 2 
CyberShake 8 0.7 73.00000 0.25531 
0 1 2 4 3 5 6 7 ;1 1 2 1 1 2 0 2 
CyberShake 8 0.7 73.00000 0.25681 
0 1 2 4 3 5 6 7 ;1 1 2 1 1 2 0 2 
CyberShake 8 0.7 73.00000 0.25819 
0 1 2 4 3 5 6 7 ;1 1 2 1 1 2 0 2 
CyberShake 8 0.7 73.00000 0.25997 
0 1 2 4 3 5 6 7 ;1 1 2 1 1 2 0 2 
CyberShake 8 0.7 73.00000 0.25356 
0 1 2 4 3 5 6 7 ;1 1 2 1 1 2 0 2 
CyberShake 8 0.7 73.00000 0.26054 
0 1 2 4 3 5 6 7 ;1 1 2 1 1 2 0 2 
CyberShake 8 0.7 73.00000 0.25805 
0 1 2 4 3 5 6 7 ;1 1 2 1 1 2 0 2 
CyberShake 8 0.7 73.00000 0.25651 
0 1 2 4 3 5 6 7 ;1 1 2 1 1 2 0 2 
CyberShake 8 0.7 73.00000 0.25976 
0 1 2 4 3 5 6 7 ;1 1 2 1 1 2 0 2 
CyberShake 8 0.7 73.00000 0.25985 
0 1 2 4 3 5 6 7 ;1 1 2 1 1 2 0 2 
CyberShake 8 0.7 73.00000 0.25732 
0 1 2 4 3 5 6 7 ;1 1 2 1 1 2 0 2 
CyberShake 8 0.7 73.00000 0.25311 
0 1 2 4 3 5 6 7 ;1 1 2 1 1 2 0 2 
CyberShake 8 0.7 73.00000 0.25643 
0 1 2 4 3 5 6 7 ;1 1 2 1 1 2 0 2 
CyberShake 8 0.7 73.00000 0.25245 
0 1 2 4 3 5 6 7 ;1 1 2 1 1 2 0 2 
CyberShake 8 0.7 73.00000 0.25634 
0 1 2 4 3 5 6 7 ;1 1 2 1 1 2 0 2 
CyberShake 8 0.7 73.00000 0.26091 
0 1 2 4 3 5 6 7 ;1 1 2 1 1 2 0 2 
CyberShake 8 0.7 73.00000 0.25615 
0 1 2 4 3 5 6 7 ;1 1 2 1 1 2 0 2 
CyberShake 8 0.7 73.00000 0.25928 
0 1 2 4 3 5 6 7 ;1 1 2 1 1 2 0 2 
CyberShake 8 0.7 73.00000 0.25512 
0 1 2 4 3 5 6 7 ;1 1 2 1 1 2 0 2 
CyberShake 8 0.7 73.00000 0.25304 
0 1 2 4 3 5 6 7 ;1 1 2 1 1 2 0 2 
CyberShake 8 0.7 73.00000 0.25072 
0 1 2 4 3 5 6 7 ;1 1 2 1 1 2 0 2 
CyberShake 8 0.7 73.00000 0.25272 
0 1 2 4 3 5 6 7 ;1 1 2 1 1 2 0 2 
CyberShake 8 0.7 73.00000 0.26013 
0 1 2 4 3 5 6 7 ;1 1 2 1 1 2 0 2 
CyberShake 8 0.7 73.00000 0.25983 
0 1 2 4 3 5 6 7 ;1 1 2 1 1 2 0 2 
CyberShake 8 0.7 73.00000 0.25736 
0 1 2 4 3 5 6 7 ;1 1 2 1 1 2 0 2 
CyberShake 8 0.7 73.00000 0.25712 
0 1 2 4 3 5 6 7 ;1 1 2 1 1 2 0 2 
CyberShake 8 0.7 73.00000 0.25352 
0 1 2 4 3 5 6 7 ;1 1 2 1 1 2 0 2 
CyberShake 8 0.7 73.00000 0.25301 
0 1 2 4 3 5 6 7 ;1 1 2 1 1 2 0 2 
CyberShake 8 0.7 73.00000 0.25555 
0 1 2 4 3 5 6 7 ;1 1 2 1 1 2 0 2 
CyberShake 8 0.7 73.00000 0.25984 
0 1 2 4 3 5 6 7 ;1 1 2 1 1 2 0 2 
CyberShake 8 0.7 73.00000 0.25611 
0 1 2 4 3 5 6 7 ;1 1 2 1 1 2 0 2 
CyberShake 8 0.7 73.00000 0.26080 
0 1 2 4 3 5 6 7 ;1 1 2 1 1 2 0 2 
CyberShake 8 0.7 73.00000 0.26015 
0 1 2 4 3 5 6 7 ;1 1 2 1 1 2 0 2 
CyberShake 8 0.7 73.00000 0.25827 
0 1 2 4 3 5 6 7 ;1 1 2 1 1 2 0 2 
CyberShake 8 0.7 73.00000 0.25487 
0 1 2 4 3 5 6 7 ;1 1 2 1 1 2 0 2 
CyberShake 8 0.7 73.00000 0.25345 
0 1 2 4 3 5 6 7 ;1 1 2 1 1 2 0 2 
CyberShake 8 0.7 73.00000 0.26429 
0 1 2 4 3 5 6 7 ;1 1 2 1 1 2 0 2 
CyberShake 8 0.7 73.00000 0.26244 
0 1 2 4 3 5 6 7 ;1 1 2 1 1 2 0 2 
CyberShake 8 0.7 73.00000 0.25790 
0 1 2 4 3 5 6 7 ;1 1 2 1 1 2 0 2 
CyberShake 8 0.7 73.00000 0.26164 
0 1 2 4 3 5 6 7 ;1 1 2 1 1 2 0 2 
CyberShake 8 0.7 73.00000 0.25644 
0 1 2 4 3 5 6 7 ;1 1 2 1 1 2 0 2 
CyberShake 8 0.7 73.00000 0.26002 
0 1 2 4 3 5 6 7 ;1 1 2 1 1 2 0 2 
CyberShake 8 0.7 73.00000 0.26745 
0 1 2 4 3 5 6 7 ;1 1 2 1 1 2 0 2 
CyberShake 8 0.7 73.00000 0.25975 
0 1 2 4 3 5 6 7 ;1 1 2 1 1 2 0 2 
CyberShake 8 0.7 73.00000 0.26098 
0 1 2 4 3 5 6 7 ;1 1 2 1 1 2 0 2 
CyberShake 8 0.7 73.00000 0.25871 
0 1 2 4 3 5 6 7 ;1 1 2 1 1 2 0 2 
CyberShake 8 0.7 73.00000 0.25724 
0 1 2 4 3 5 6 7 ;1 1 2 1 1 2 0 2 
CyberShake 8 0.7 73.00000 0.25726 
0 1 2 4 3 5 6 7 ;1 1 2 1 1 2 0 2 
CyberShake 8 0.7 73.00000 0.25725 
0 1 2 4 3 5 6 7 ;1 1 2 1 1 2 0 2 
CyberShake 8 0.7 73.00000 0.25165 
0 1 2 4 3 5 6 7 ;1 1 2 1 1 2 0 2 
CyberShake 8 0.7 73.00000 0.25830 
0 1 2 4 3 5 6 7 ;1 1 2 1 1 2 0 2 
CyberShake 8 0.7 73.00000 0.25956 
0 1 2 4 3 5 6 7 ;1 1 2 1 1 2 0 2 
CyberShake 8 0.7 73.00000 0.25635 
0 1 2 4 3 5 6 7 ;1 1 2 1 1 2 0 2 
CyberShake 8 0.7 73.00000 0.26102 
0 1 2 4 3 5 6 7 ;1 1 2 1 1 2 0 2 
CyberShake 8 0.7 73.00000 0.26081 
0 1 2 4 3 5 6 7 ;1 1 2 1 1 2 0 2 
CyberShake 8 0.7 73.00000 0.25852 
0 1 2 4 3 5 6 7 ;1 1 2 1 1 2 0 2 
CyberShake 8 0.7 73.00000 0.25149 
0 1 2 4 3 5 6 7 ;1 1 2 1 1 2 0 2 
CyberShake 8 0.7 73.00000 0.25559 
0 1 2 4 3 5 6 7 ;1 1 2 1 1 2 0 2 
CyberShake 8 0.7 73.00000 0.25974 
0 1 2 4 3 5 6 7 ;1 1 2 1 1 2 0 2 
CyberShake 8 0.7 73.00000 0.25770 
0 1 2 4 3 5 6 7 ;1 1 2 1 1 2 0 2 
CyberShake 8 0.7 73.00000 0.25654 
0 1 2 4 3 5 6 7 ;1 1 2 1 1 2 0 2 
CyberShake 8 0.7 73.00000 0.26102 
0 1 2 4 3 5 6 7 ;1 1 2 1 1 2 0 2 
CyberShake 8 0.7 73.00000 0.25718 
0 1 2 4 3 5 6 7 ;1 1 2 1 1 2 0 2 
CyberShake 8 0.7 73.00000 0.25951 
0 1 2 4 3 5 6 7 ;1 1 2 1 1 2 0 2 
CyberShake 8 0.7 73.00000 0.27156 
0 1 2 4 3 5 6 7 ;1 1 2 1 1 2 0 2 
CyberShake 8 0.7 73.00000 0.26316 
0 1 2 4 3 5 6 7 ;1 1 2 1 1 2 0 2 
CyberShake 8 0.7 73.00000 0.26316 
0 1 2 4 3 5 6 7 ;1 1 2 1 1 2 0 2 
CyberShake 8 0.7 73.00000 0.25753 
0 1 2 4 3 5 6 7 ;1 1 2 1 1 2 0 2 
CyberShake 8 0.7 73.00000 0.26847 
0 1 2 4 3 5 6 7 ;1 1 2 1 1 2 0 2 
CyberShake 8 0.7 73.00000 0.25636 
0 1 2 4 3 5 6 7 ;1 1 2 1 1 2 0 2 
CyberShake 8 0.7 73.00000 0.26206 
0 1 2 4 3 5 6 7 ;1 1 2 1 1 2 0 2 
CyberShake 8 0.7 73.00000 0.26381 
0 1 2 4 3 5 6 7 ;1 1 2 1 1 2 0 2 
CyberShake 8 0.7 73.00000 0.28119 
0 1 2 4 3 5 6 7 ;1 1 2 1 1 2 0 2 
CyberShake 8 0.7 73.00000 0.27410 
0 1 2 4 3 5 6 7 ;1 1 2 1 1 2 0 2 
CyberShake 8 0.7 73.00000 0.26468 
0 1 2 4 3 5 6 7 ;1 1 2 1 1 2 0 2 
CyberShake 8 0.7 73.00000 0.25288 
0 1 2 4 3 5 6 7 ;1 1 2 1 1 2 0 2 
CyberShake 8 0.7 73.00000 0.25612 
0 1 2 4 3 5 6 7 ;1 1 2 1 1 2 0 2 
CyberShake 8 0.7 73.00000 0.27017 
0 1 2 4 3 5 6 7 ;1 1 2 1 1 2 0 2 
CyberShake 8 0.7 73.00000 0.26304 
0 1 2 4 3 5 6 7 ;1 1 2 1 1 2 0 2 
CyberShake 8 0.7 73.00000 0.26315 
0 1 2 4 3 5 6 7 ;1 1 2 1 1 2 0 2 
CyberShake 8 0.7 73.00000 0.27018 
0 1 2 4 3 5 6 7 ;1 1 2 1 1 2 0 2 
CyberShake 8 0.7 73.00000 0.25740 
0 1 2 4 3 5 6 7 ;1 1 2 1 1 2 0 2 
CyberShake 8 0.7 73.00000 0.25404 
0 1 2 4 3 5 6 7 ;1 1 2 1 1 2 0 2 
CyberShake 8 0.7 73.00000 0.25543 
0 1 2 4 3 5 6 7 ;1 1 2 1 1 2 0 2 
CyberShake 8 0.7 73.00000 0.25326 
0 1 2 4 3 5 6 7 ;1 1 2 1 1 2 0 2 
CyberShake 8 0.7 73.00000 0.25523 
0 1 2 4 3 5 6 7 ;1 1 2 1 1 2 0 2 
CyberShake 8 0.7 73.00000 0.25538 
0 1 2 4 3 5 6 7 ;1 1 2 1 1 2 0 2 
CyberShake 8 0.7 73.00000 0.25501 
0 1 2 4 3 5 6 7 ;1 1 2 1 1 2 0 2 
CyberShake 8 0.7 73.00000 0.25434 
0 1 2 4 3 5 6 7 ;1 1 2 1 1 2 0 2 
CyberShake 8 0.7 73.00000 0.25403 
0 1 2 4 3 5 6 7 ;1 1 2 1 1 2 0 2 
CyberShake 8 0.7 73.00000 0.25629 
0 1 2 4 3 5 6 7 ;1 1 2 1 1 2 0 2 
CyberShake 8 0.7 73.00000 0.24999 
0 1 2 4 3 5 6 7 ;1 1 2 1 1 2 0 2 
CyberShake 8 0.7 73.00000 0.25593 
0 1 2 4 3 5 6 7 ;1 1 2 1 1 2 0 2 
CyberShake 8 0.7 73.00000 0.25744 
0 1 2 4 3 5 6 7 ;1 1 2 1 1 2 0 2 
