Montage 100 1.0 104.60170 0.00179 0 
Montage 100 1.0 104.60170 0.00155 0 
Montage 100 1.0 104.60170 0.00155 0 
Montage 100 1.0 104.60170 0.00156 0 
Montage 100 1.0 104.60170 0.00167 0 
Montage 100 1.0 104.60170 0.00189 0 
Montage 100 1.0 104.60170 0.00159 0 
Montage 100 1.0 104.60170 0.00155 0 
Montage 100 1.0 104.60170 0.00154 0 
Montage 100 1.0 104.60170 0.00154 0 
Ligo 1000 1.0 19039.34667 0.01938 0 
Ligo 1000 1.0 19039.34667 0.01783 0 
Ligo 1000 1.0 19039.34667 0.01601 0 
Ligo 1000 1.0 19039.34667 0.01510 0 
Ligo 1000 1.0 19039.34667 0.01625 0 
Ligo 1000 1.0 19039.34667 0.01518 0 
Ligo 1000 1.0 19039.34667 0.01680 0 
Ligo 1000 1.0 19039.34667 0.01551 0 
Ligo 1000 1.0 19039.34667 0.01555 0 
Ligo 1000 1.0 19039.34667 0.01571 0 
Montage 100 1.0 104.60170 0.00166 0 
Montage 100 1.0 104.60170 0.00172 0 
Montage 100 1.0 104.60170 0.00157 0 
Montage 100 1.0 104.60170 0.00157 0 
Montage 100 1.0 104.60170 0.00156 0 
Montage 100 1.0 104.60170 0.00156 0 
Montage 100 1.0 104.60170 0.00155 0 
Montage 100 1.0 104.60170 0.00156 0 
Montage 100 1.0 104.60170 0.00156 0 
Montage 100 1.0 104.60170 0.00180 0 
Ligo 1000 1.0 19039.34667 0.01623 0 
Ligo 1000 1.0 19039.34667 0.01565 0 
Ligo 1000 1.0 19039.34667 0.01587 0 
Ligo 1000 1.0 19039.34667 0.01525 0 
Ligo 1000 1.0 19039.34667 0.01584 0 
Ligo 1000 1.0 19039.34667 0.01528 0 
Ligo 1000 1.0 19039.34667 0.01605 0 
Ligo 1000 1.0 19039.34667 0.01579 0 
Ligo 1000 1.0 19039.34667 0.01735 0 
Ligo 1000 1.0 19039.34667 0.01591 0 
Montage 100 1.0 104.60170 0.00188 0 
Montage 100 1.0 104.60170 0.00237 0 
Montage 100 1.0 104.60170 0.00196 0 
Montage 100 1.0 104.60170 0.00178 0 
Montage 100 1.0 104.60170 0.00154 0 
Montage 100 1.0 104.60170 0.00154 0 
Montage 100 1.0 104.60170 0.00154 0 
Montage 100 1.0 104.60170 0.00154 0 
Montage 100 1.0 104.60170 0.00155 0 
Montage 100 1.0 104.60170 0.00165 0 
Ligo 1000 1.0 19039.34667 0.01608 0 
Ligo 1000 1.0 19039.34667 0.01631 0 
Ligo 1000 1.0 19039.34667 0.01810 0 
Ligo 1000 1.0 19039.34667 0.01603 0 
Ligo 1000 1.0 19039.34667 0.01722 0 
Ligo 1000 1.0 19039.34667 0.01629 0 
Ligo 1000 1.0 19039.34667 0.01637 0 
Ligo 1000 1.0 19039.34667 0.01512 0 
Ligo 1000 1.0 19039.34667 0.01678 0 
Ligo 1000 1.0 19039.34667 0.01557 0 
Montage 100 1.0 104.60170 0.00158 0 
Montage 100 1.0 104.60170 0.00157 0 
Montage 100 1.0 104.60170 0.00193 0 
Montage 100 1.0 104.60170 0.00159 0 
Montage 100 1.0 104.60170 0.00172 0 
Montage 100 1.0 104.60170 0.00165 0 
Montage 100 1.0 104.60170 0.00154 0 
Montage 100 1.0 104.60170 0.00153 0 
Montage 100 1.0 104.60170 0.00154 0 
Montage 100 1.0 104.60170 0.00154 0 
Ligo 1000 1.0 19039.34667 0.01538 0 
Ligo 1000 1.0 19039.34667 0.01601 0 
Ligo 1000 1.0 19039.34667 0.01562 0 
Ligo 1000 1.0 19039.34667 0.01582 0 
Ligo 1000 1.0 19039.34667 0.01603 0 
Ligo 1000 1.0 19039.34667 0.01579 0 
Ligo 1000 1.0 19039.34667 0.01577 0 
Ligo 1000 1.0 19039.34667 0.01579 0 
Ligo 1000 1.0 19039.34667 0.01596 0 
Ligo 1000 1.0 19039.34667 0.01557 0 
Montage 100 1.0 104.60170 0.00157 0 
Montage 100 1.0 104.60170 0.00154 0 
Montage 100 1.0 104.60170 0.00154 0 
Montage 100 1.0 104.60170 0.00154 0 
Montage 100 1.0 104.60170 0.00154 0 
Montage 100 1.0 104.60170 0.00155 0 
Montage 100 1.0 104.60170 0.00169 0 
Montage 100 1.0 104.60170 0.00172 0 
Montage 100 1.0 104.60170 0.00156 0 
Montage 100 1.0 104.60170 0.00155 0 
Ligo 1000 1.0 19039.34667 0.01601 0 
Ligo 1000 1.0 19039.34667 0.01608 0 
Ligo 1000 1.0 19039.34667 0.01594 0 
Ligo 1000 1.0 19039.34667 0.01640 0 
Ligo 1000 1.0 19039.34667 0.01526 0 
Ligo 1000 1.0 19039.34667 0.01648 0 
Ligo 1000 1.0 19039.34667 0.01511 0 
Ligo 1000 1.0 19039.34667 0.01676 0 
Ligo 1000 1.0 19039.34667 0.01514 0 
Ligo 1000 1.0 19039.34667 0.01607 0 
