Ligo 1000 0.7 0.00000 0.00000 0.00000 594.73900 0 0.00000 594.73900 0 0.00000 594.73900 0 0.00000 594.73900 0 0.00000 594.73900 0 
Ligo 1000 0.7 0.00000 0.00000 0.00000 594.73900 0 0.00000 594.73900 0 0.00000 594.73900 0 0.00000 594.73900 0 0.00000 594.73900 0 
Ligo 1000 0.7 0.00000 0.00000 0.00000 594.73900 0 0.00000 594.73900 0 0.00000 594.73900 0 0.00000 594.73900 0 0.00000 594.73900 0 
Ligo 1000 0.7 0.00000 0.00000 0.00000 594.73900 0 0.00000 594.73900 0 0.00000 594.73900 0 0.00000 594.73900 0 0.00000 594.73900 0 
Ligo 1000 0.7 0.00000 0.00000 0.00000 594.73900 0 0.00000 594.73900 0 0.00000 594.73900 0 0.00000 594.73900 0 0.00000 594.73900 0 
Ligo 1000 0.7 0.00000 0.00000 0.00000 594.73900 0 0.00000 594.73900 0 0.00000 594.73900 0 0.00000 594.73900 0 0.00000 594.73900 0 
Ligo 1000 0.7 0.00000 0.00000 0.00000 594.73900 0 0.00000 594.73900 0 0.00000 594.73900 0 0.00000 594.73900 0 0.00000 594.73900 0 
Ligo 1000 0.7 0.00000 0.00000 0.00000 594.73900 0 0.00000 594.73900 0 0.00000 594.73900 0 0.00000 594.73900 0 0.00000 594.73900 0 
Ligo 1000 0.7 0.00000 0.00000 0.00000 594.73900 0 0.00000 594.73900 0 0.00000 594.73900 0 0.00000 594.73900 0 0.00000 594.73900 0 
Ligo 1000 0.7 0.00000 0.00000 0.00000 594.73900 0 0.00000 594.73900 0 0.00000 594.73900 0 0.00000 594.73900 0 0.00000 594.73900 0 
Ligo 1000 1.0 0.00000 0.00000 0.00000 935.68200 0 0.00000 935.68200 0 0.00000 935.68200 0 0.00000 935.68200 0 0.00000 935.68200 0 
Ligo 1000 1.0 0.00000 0.00000 0.00000 935.68200 0 0.00000 935.68200 0 0.00000 935.68200 0 0.00000 935.68200 0 0.00000 935.68200 0 
Ligo 1000 1.0 0.00000 0.00000 0.00000 935.68200 0 0.00000 935.68200 0 0.00000 935.68200 0 0.00000 935.68200 0 0.00000 935.68200 0 
Ligo 1000 1.0 0.00000 0.00000 0.00000 935.68200 0 0.00000 935.68200 0 0.00000 935.68200 0 0.00000 935.68200 0 0.00000 935.68200 0 
Ligo 1000 1.0 0.00000 0.00000 0.00000 935.68200 0 0.00000 935.68200 0 0.00000 935.68200 0 0.00000 935.68200 0 0.00000 935.68200 0 
Ligo 1000 1.0 0.00000 0.00000 0.00000 935.68200 0 0.00000 935.68200 0 0.00000 935.68200 0 0.00000 935.68200 0 0.00000 935.68200 0 
Ligo 1000 1.0 0.00000 0.00000 0.00000 935.68200 0 0.00000 935.68200 0 0.00000 935.68200 0 0.00000 935.68200 0 0.00000 935.68200 0 
Ligo 1000 1.0 0.00000 0.00000 0.00000 935.68200 0 0.00000 935.68200 0 0.00000 935.68200 0 0.00000 935.68200 0 0.00000 935.68200 0 
Ligo 1000 1.0 0.00000 0.00000 0.00000 935.68200 0 0.00000 935.68200 0 0.00000 935.68200 0 0.00000 935.68200 0 0.00000 935.68200 0 
Ligo 1000 1.0 0.00000 0.00000 0.00000 935.68200 0 0.00000 935.68200 0 0.00000 935.68200 0 0.00000 935.68200 0 0.00000 935.68200 0 
